43      110	50	6.19	33.67
63	105	60	6.03	26.67
59	100	60	5.28	23
78	100	60	6.52	26
67	100	60	7.31	28
65	119	61	5.67	30.33
66	120	64	5.11	27
73	130	88	6.40    47
53	113	68	4.41	27.67
76	120	70	4.20	37.33
76	136	70	5.38	35.67
76	130	70	4.94	31.33
68	126	70	4.56	32.33
61	136	70	5.42	30.67
78	124	70	5.75	37.67
80	110	70	4.68	36
74	140	70	8.67	41
75	130	70	6.62	41.67
66	130	70	6.86	22
55	114	70	7.52	23.33
71	120	70	4.94	25.67
62	130	70	4.59	25
69	130	70	4.26	27
45	110	70	10.21	29
79	120	70	6.46	30.33
58	110	70	4.70	27
65	100	70	6.06	28
44	119	70	5.55	22.33
53	110	70	14.0	29.33
62	130	72	7.29	43
62	118	72	3.97	27.33
53	122	74	3.97	18.33
71	130	75	3.78	31
54	116	75	4.35	22.33
64	120	76	6.59	30
71	140	78	5.70	35.67
50	121	78	5.27	40.33
51	138	80	5.65	34.67
73	130	80	7.45	35.33
64	138	80	6.58	33.67
40	130	80	7.51	35.33
72	120	80	4.42	34
51	100	80	7.85	21
49	120	89	5.14	20.67
63	150	90	8.18	42.67
56	130	90	5.23	30.67
69	160	90	7.10	39
78	130	90	6.03	29
78	120	90	4.52	30.67
61	150	92	7.52	40
76	142	92	4.66	38
51	140	100	5.70	28.33
51	140	100	6.71	42.67
57	160	100	6.14	41
63	190	100	5.25	46
69	150	80	6.33	22.67
